-1.7895100
-1.7907132
-1.7901817
-1.7904942
-1.7898269
-1.7891530
-1.7894624
-1.7894278
-1.7888548
-1.7841864
-1.7832130
-1.7825735
-1.7826011
-1.7821677
-1.7816463
-1.7794328
-1.7736614
-1.7734745
-1.7701431
-1.7693314
-1.7671176
-1.7668106
-1.7664900
-1.7652421
-1.7645484
-1.7620286
-1.7616481
-1.7607172
-1.7602706
-1.7592575
-1.7583135
-1.7571120
-1.7537501
-1.7507747
-1.7490494
-1.7418589
-1.7413886
-1.7389007
-1.7379489
-1.7375311
-1.7325364
-1.7319041
-1.7315737
-1.7312091
-1.7293683
-1.7241713
-1.7234882
-1.7229852
-1.7215161
-1.7209149
-1.7126245
-1.7067962
-1.7064328
-1.7059489
-1.7054179
-1.7020203
-1.7007126
-1.6993043
-1.6929961
-1.6919735
-1.6901124
-1.6848485
-1.6794597
-1.6748530
-1.6660409
-1.6560041
-1.6254084
-1.6021221
-1.3024887
-1.6139286
-1.6938285
1.8570122
-1.6740363
-1.6635182
-1.7052377
-1.7116907
-1.6689981
-1.4583016
-1.6089808
-1.6012267
-1.6649495
-1.6129962
-1.7257884
-1.5386989
-1.6476566
-1.5900074
-1.6509837
-1.9186589
0.7082744
-1.7588161
-1.5382859
-1.4836109
-1.6618843
-1.4938132
-1.3902904
-1.3961374
-1.6801255
1.3881806
-1.5940010
-1.4774999
-1.5848902
-1.6487080
-1.6809125
-1.6485176
-1.7054451
-1.3753025
-1.7433602
-1.5866852
-1.6640768
-1.6031375
-1.6067332
-1.6901983
-1.6588378
-1.6317612
-2.0576760
-1.7452740
-1.6370538
-1.6956498
-1.6538675
-1.6539074
-1.5080260
-2.0660775
-1.6866028
-1.4094293
-1.6479272
-1.5463160
-1.6888102
-1.6868181
-1.6241578
-1.6574477
-1.5245722
-1.6774212
-1.6451678
-1.6861612
-1.6402128
-1.6435486
-1.6267775
-1.4368542
-1.4814894
-1.5891049
1.7597195
-1.6650171
-1.5271865
-1.6330929
-1.6812635
-1.1926933
-1.6468807
-1.6722509
-1.6720096
-1.5602617
-1.7976850
-1.6656008
-1.6850721
-1.5789825
-1.6727083
1.4675609
-1.7789599
-1.6565969
-1.6377853
-1.6392643
-1.7128848
-1.5691349
-1.6736876
-0.8545402
-1.6437720
-1.6478248
-1.7185153
-1.2727861
-1.6959604
-1.6919479
-0.7706127
-1.6839905
-1.6477655
-1.5957010
-1.6746538
-1.6705196
-1.6488181
-1.6812018
-1.4690206
-1.7839424
-1.6511310
-1.6861827
-1.6166477
-1.8036596
-1.3019009
-1.5967627
-1.6609673
-1.6438689
-1.6875426
-1.6780623
-1.7230398
-1.7133328
-1.6975621
-1.1079650
-1.5514698
-1.4948122
-1.6363421
-1.6432026
-1.6628995
-1.6664550
-1.6690903
-1.6681376
-1.6837362
-1.6945472
-1.6951736
-1.6964412
-1.6958791
-1.6991615
-1.7062873
-1.7071619
-1.7131671
-1.7169565
-1.7230840
-1.7241097
-1.7253221
-1.7262034
-1.7270951
-1.7302464
-1.7307691
-1.7314177
-1.7400614
-1.7443766
-1.7450986
-1.7470164
-1.7475602
-1.7481126
-1.7508517
-1.7582402
-1.7593422
-1.7628599
-1.7636511
-1.7659090
-1.7668249
-1.7675531
-1.7687860
-1.7694822
-1.7719731
-1.7725204
-1.7734557
-1.7740276
-1.7750327
-1.7759845
-1.7772013
-1.7803426
-1.7830802
-1.7847182
-1.7902961
-1.7907951
-1.7928644
-1.7938020
-1.7940818
-1.7975750
-1.7982248
-1.7984908
-1.7987385
-1.8002185
-1.8018529
-1.8020395
-1.8019876
-1.8029472
-1.8028083
-1.8065863
-1.8067655
-1.8030588
-1.8028997
-1.8035054
-1.7995813
-1.8006664
-1.8005532
-1.8039618
-1.8044852
-1.8047228
-1.8030634
-1.8048577
-1.8040579
-1.8038646
-1.8063425
-1.8063715
-1.8054620
-1.8059321
-1.8051389
-1.8049405
-1.8026693
-1.7982374
-1.7994091
-1.7990728
-1.7976701
-1.7974396
-1.7964341
-1.7954971
-1.7958067
-1.7967018
-1.7922468
-1.7916732
-1.7896288
-1.7885193
-1.7881014
-1.7879739
-1.7874090
-1.7906693
