0.914115
0.913724
0.912944
0.911763
0.910171
0.908159
0.905719
0.902834
0.895498
0.889519
0.885343
0.883031
0.881809
0.880981
0.880142
0.879117
0.877863
0.876397
0.874763
0.873017
0.871208
0.869365
0.867467
0.865385
0.542383
0.859113
0.509842
0.494601
0.480036
0.46619
0.453044
0.440522
0.428519
0.416916
0.405596
0.39444
0.383318
0.372088
0.360682
0.349365
0.338991
0.330555
0.324781
0.325834
0.326996
0.328142
0.329164
0.329985
0.330557
0.330854
0.330863
0.330586
0.330032
0.329227
0.328218
0.327082
0.325922
0.331017
0.330664
0.339061
0.3495
0.360773
0.372167
0.383403
0.394538
0.405709
0.417043
0.42866
0.440678
0.453217
0.466383
0.480251
0.494841
0.510105
0.52597
0.862771
0.865369
0.867459
0.869361
0.87121
0.873029
0.874788
0.876437
0.877923
0.879201
0.880256
0.881133
0.88201
0.883291
0.885663
0.889521
0.895517
0.898779
0.905835
0.908258
0.910252
0.911826
0.912989
0.91375
0.914123
