-0.475989
-0.460791
-0.458979
0.95104
-0.454359
0.951512
-0.448555
-0.433016
0.956164
0.960556
-0.425133
-0.429576
-0.420306
-0.410399
-0.400211
0.986835
-0.376902
-0.364111
1.01
1.0185
-0.316851
1.03415
1.04214
-0.256303
-0.235696
-0.235966
1.06584
1.07315
1.08023
-0.150725
1.09402
1.1008
1.10729
1.11296
1.11751
1.12116
1.11775
1.12138
1.12106
1.12564
1.08376
1.08221
1.12631
1.08074
1.08037
1.07357
1.07002
1.07544
1.07292
1.07319
1.07358
1.08009
1.12811
1.12811
1.12169
1.118
1.11759
1.11713
1.1167
1.11289
1.11316
1.10831
1.10742
1.10163
1.09519
1.08842
1.08154
1.07457
-0.216342
1.06019
1.05275
1.05237
1.04465
1.04318
-0.287509
1.02592
-0.302143
1.02096
1.0111
-0.323478
-0.335706
-0.34791
-0.359558
-0.354846
-0.366481
-0.383858
-0.386114
-0.388146
-0.405443
-0.407284
-0.409
-0.426307
0.952375
-0.45889
-0.460273
-0.461557
-0.462371
-0.47708
-0.477177
-0.476849
