1.7948157435984724
1.904644195847335
1.684970202263325
2.6496017220942454
3.057151723949821
2.9569197488581755
-3.002106393693418
-3.0607533784489442
2.0848231037520035
-3.0187981173625866
-2.550550423502373
-1.9033769776490679
-1.5536744930862951
-1.4374520809376186
-1.3107415357451238
-1.0540975549936187
-1.7206500015215382
-2.157845959150813
-2.507646191457387
-2.7718170631148
-3.140003490031046
2.6900645972909336
2.886970076592042
2.313426180821785
2.2587659182506092
2.1783007049553005
2.016592708120661
1.9456504662221503
1.4309676682669972
1.7377446436454234
1.5185358481031583
1.1890280384381517
1.434451988820462
0.8944700152041731
1.1486293374321042
0.693079227874136
0.5673650790015681
0.5719884453504984
0.15066003772188052
0.23753068752503514
-1.5343145217108671
-0.7424146154138307
-2.370393620546644
2.9823778657994247
2.6154613097884987
-0.2185842752542677
2.337047437904735
2.5483983210584373
2.2428972697478198
1.9665246861287837
-3.0870469479890965
2.0638607526316193
1.8614311610105378
2.3708218530358085
2.3540699320624654
1.8947898763703712
2.2057614051119074
1.456293354855406
1.3078154312838741
2.8379317145977883
0.8439683981121973
1.3990043174706681
2.693911946031731
0.79261491170212
2.6091227968337964
0.7842756136944131
0.9305743700013789
1.1414543124848446
0.7256851138791496
-1.4495925100448608
0.653463114482395
-1.603466655428811
-1.1804512655159736
2.7244434720574144
2.4422323603980356
2.401201066360919
-1.0237939392994488
1.6809869481824897
0.910886328832559
-2.335249979922044
2.6100915220439482
2.775144833377116
2.60647899821298
2.7879617379666666
-1.6992559314380158
0.8381768486453587
-1.7565319613378236
2.5276199279686242
-0.643818450230468
2.621281809913704
2.535498073195649
2.442481274429529
-2.467204674948225
2.7249496427731046
-2.660550583670883
-2.495016645617074
2.127580138778555
-2.2046646086810604
-0.09818000817071892
-2.8184551437619856
2.5314752617933163
2.999182158437992
0.307641507125616
2.625417333735422
2.254813205923316
2.4147403858200356
2.952450161103706
2.7294100876655945
0.7267305611458563
-2.7304805775712246
-1.9868237383871084
2.561508934774414
2.7925316145328294
2.604341968677514
3.0102059388677125
0.6838663122560198
2.284031646896114
-3.039104764367425
3.0460086944152387
-2.9763219793318254
2.5541787756793912
2.4828851456656125
2.049887695379155
2.719704840899144
-1.5728838700791015
2.289666709880029
-0.7651755992652718
2.6860533488325027
2.2616329656604925
2.253173052064458
2.7037568327876773
2.659411395895763
1.8297903284989463
2.1737597471636754
0.7155563255768356
2.9849421277271198
-3.03683085942189
1.8487730419917696
3.0735139245851526
2.4829288054594265
2.3567639039879413
-2.2541671271472783
2.4279167334622436
2.5843332266458
0.8589450826972556
2.693315717305797
0.7647425014469387
3.123670926516944
1.625275395928453
2.1612895363234426
0.08460844208824403
-2.538109773806982
-1.9238294754995295
2.461871848584302
1.468107652363841
-1.963101684374799
-0.8563725881332584
1.9113023194183771
-2.4182773868825493
2.7136272415040885
1.717296554266639
1.8788171809675642
1.9708400245624311
1.4970873499906387
1.60336991544193
1.2167085587150437
1.6429601645816438
1.1637528510437525
2.8864391598614727
2.1448070749122206
2.780375744642395
1.6928199127808758
2.3183465285010953
2.3114609965692914
2.3831391345025548
2.3053366777467073
2.9585264593014955
1.5268583069417856
2.468836913004253
2.2907536994560758
2.401659363795112
2.292814690019167
2.349224676146452
2.302015710234958
2.4690516101177966
0.4616745220300795
-1.8605581228413013
2.288958107067021
2.377498532711895
2.755978204204128
2.5346582873128405
2.8358774637662894
3.1223789608235624
2.5694961522943203
0.7467114414607674
1.2040916734311358
-2.8228173248006
1.5355296400368088
-2.817726403435396
-2.0800497144197565
-2.9307309627563023
2.2645379141425286
2.49424673745549
-3.016061012681949
2.301005422393028
1.9980989055208616
1.3285067193232285
1.8751479967050093
2.313272548338065
2.293946253009536
2.5498887340754974
2.271047516808454
2.3176112345620217
2.423522213321152
2.596880103653091
2.956491985861592
-1.2772277346416672
0.03720643734054274
0.3855503659072772
0.2240720234310265
0.8087069515067915
0.8914876251608623
0.8229607211641783
0.9390728674870763
0.9964224992028816
0.9681650100533856
0.9977173549533829
0.969027473131006
0.9750128781358738
0.979209186059534
1.0312146490959568
0.9483582722791217
0.8788601518565313
0.7747184998440586
0.7862873518295244
0.7830330295660763
0.5970795403651747
0.1798478199516138
0.1441401168550156
-0.30279803256048243
-1.1525271738251106
-1.1707751007807274
-1.0991247215699191
-0.2105507248862759
-0.6611759190714084
-1.1758637943788812
-2.551747202057439
2.525475508497972
1.5868035567013719
1.411455058610886
