0.345408
0.345421
0.345434
0.345448
0.345462
0.345473
0.345486
0.345498
0.34551
0.345521
0.345533
0.345544
0.345552
0.345563
0.345573
0.345583
0.345593
0.345603
0.345612
0.345621
0.34563
0.345638
0.345646
0.345654
0.345662
0.345669
0.345676
0.345682
0.345688
0.345695
0.345697
0.345699
0.3457
0.345702
0.345703
0.345704
0.345705
0.345706
0.345706
0.345705
0.345705
0.345705
0.345704
0.345703
0.345701
0.3457
0.345852
0.345851
0.345848
0.345845
0.345841
0.345838
0.345834
0.345829
0.345825
0.34582
0.345815
0.345809
0.345804
0.345776
0.34577
0.345763
0.345756
0.345748
0.345741
0.345734
0.345725
0.345717
0.345707
0.345697
0.345688
0.345679
0.345669
0.345659
0.345648
0.345638
0.345626
0.345615
0.345586
0.345589
0.345579
0.345547
0.345535
0.345589
0.34551
0.345495
0.345477
0.345464
0.345449
0.345435
0.345396
0.345408
0.345392
0.345379
0.345364
0.345349
0.345335
0.345321
0.345306
0.34529
0.345275
0.345274
0.345263
0.345253
0.345231
0.345216
0.3452
0.345184
0.345194
0.345152
0.345137
0.345119
0.345106
0.345089
0.345072
0.345056
0.345041
0.3451
0.345009
0.344994
0.344978
0.344962
0.344953
0.344932
0.344917
0.344901
0.344891
0.344873
0.344855
0.34484
0.344824
0.344802
0.344795
0.344777
0.344765
0.344592
0.344576
0.344561
0.344547
0.344533
0.344519
0.344508
0.344492
0.34448
0.344457
0.344454
0.344443
0.344427
0.344416
0.344405
0.344393
0.344401
0.344362
0.344355
0.344338
0.344328
0.344315
0.344286
0.344305
0.34431
0.344266
0.344256
0.344243
0.344234
0.343802
0.344202
0.344205
0.344197
0.344187
0.344179
0.344172
0.344164
0.344156
0.344131
0.344143
0.344137
0.34413
0.344125
0.34412
0.344114
0.344107
0.344103
0.344099
0.344094
0.344092
0.344088
0.344281
0.344083
0.344081
0.344087
0.344066
0.343991
0.344068
0.344084
0.344071
0.344071
0.344075
0.344078
0.34408
0.344081
0.344085
0.344088
0.344092
0.344097
0.344099
0.344106
0.34411
0.344107
0.344126
0.344126
0.344129
0.344133
0.34414
0.344146
0.34415
0.344161
0.34417
0.344174
0.344181
0.344188
0.344196
0.344204
0.344212
0.344227
0.344236
0.344244
0.344253
0.344262
0.344271
0.34428
0.344286
0.344299
0.344309
0.344317
0.344329
0.344338
0.344349
0.34436
0.34437
0.34438
0.340479
0.344396
0.344426
0.344443
0.344461
0.344475
0.344496
0.344514
0.344531
0.344548
0.344569
0.344585
0.344603
0.344621
0.344644
0.344656
0.34467
0.344691
0.344709
0.344727
0.344745
0.344761
0.34478
0.344799
0.344816
0.344833
0.344851
0.344868
0.344886
0.344904
0.344943
0.344961
0.344978
0.34499
0.345012
0.345029
0.345045
0.345061
0.345076
0.345093
0.345108
0.345124
0.345139
0.345154
0.345169
0.345182
0.345197
0.345211
0.345226
0.34524
0.345255
0.345268
0.345293
0.345306
0.34532
0.345442
0.345347
0.345366
0.34538
0.345394
