0.739915
0.739935
0.739873
0.739729
0.739504
0.739199
0.738815
0.738353
0.737815
0.737202
0.736518
0.735764
0.734943
0.734059
0.733115
0.732115
0.731062
0.72996
0.728815
0.727629
0.726409
0.725159
0.723883
0.722588
0.721277
0.719957
0.718632
0.717307
0.715989
0.714682
0.713391
0.712122
0.710879
0.709667
0.708491
0.707356
0.706266
0.705225
0.704238
0.703309
0.702441
0.701638
0.700903
0.700239
0.699649
0.699136
0.698701
0.698347
0.698075
0.697886
0.697781
0.69776
0.697824
0.697972
0.698204
0.698518
0.698913
0.699389
0.699941
0.700569
0.70127
0.70204
0.702877
0.703777
0.704736
0.705751
0.706817
0.707931
0.709088
0.710282
0.711511
0.712768
0.714049
0.715349
0.716662
0.717984
0.719309
0.720633
0.721949
0.723252
0.724538
0.725802
0.727037
0.72824
0.729406
0.730529
0.731607
0.732633
0.733605
0.734519
0.735371
0.736158
0.736876
0.737524
0.738099
0.738599
0.739021
0.739365
0.739629
0.739813
