-1.8997458184069567
-1.9152652035180227
-1.9519404743023268
-1.9694636155005414
-1.966711646470256
-1.9486005610667023
-1.950104052558264
-1.982710095486099
-1.9818129430756217
-1.9852258576595476
-1.993319332156763
-1.9937386608140253
-1.9972945848783903
-2.0050685505211066
-2.009600830665179
-2.0058929876563356
-2.0076321168116715
-2.018220031439456
-2.0000293309570703
-2.0079967568279864
-2.0302501719501125
-2.06190408873091
-2.0759533466834776
-2.113675144036759
-2.140762430903849
-2.1734540462515577
-2.2734362234943797
-2.3839326377647803
-2.563598886322958
-2.6412090322637214
-2.9998231033013605
2.3669281595264264
1.4718854768986125
-0.33811444448451855
-0.7484071056389867
-1.3508861848888933
-1.4887316817810692
-1.5749058972554912
-1.7852105018932256
-1.898562614053042
-3.010055885769618
-2.4644694805814433
2.2395566182846016
0.2912855931737499
-0.25024989770469164
-2.708918070411465
-0.48681951221887454
0.2105837447048109
-0.6360348345277171
-1.2713665032010888
1.7087389529772414
-1.0080871185022358
-1.460856963074948
-0.2795625319489159
-0.3989342302073049
-1.30922102492567
-0.6135497707815252
-1.9492552020786893
-2.04343342667014
0.2779664898952645
-2.584933693997004
-1.7880383942367684
-0.09511003730606271
-2.473214039853563
-0.3075621755177296
-2.351759051768522
-2.2130018508369855
-1.8428065581622666
-2.2453394894485847
1.879363230633441
-2.316295946011325
1.897522056411848
2.4772602531128047
-0.46007799393823
-0.8384213934040425
-0.8874668705366955
2.8837052790412105
-1.629491595295168
-2.1827763695583955
1.4701538581398115
-0.8716442913730877
-0.7485366391559745
-0.9933217910131593
-0.9028975569610389
1.6296805257788822
-2.311711277401653
1.3807067724672528
-1.241234752670071
2.8943944957384193
-1.1691315810835055
-1.2883094715068695
-1.4224878241042682
0.6925124282156445
-1.1333778292014363
0.6068227331594627
1.1016539654855766
-1.9292332479890093
1.8373577344696148
-2.9386037792479383
0.7289108848515418
-1.691642832519776
-0.5202387820797978
3.111365792882072
-1.678296373899539
-2.4516020444312354
-2.1501900143786146
-0.4010608907746591
-1.2016274983488116
2.6292158217121457
0.770887235562181
1.2273081917735684
-1.6528320009208373
-1.1062167348307974
-1.5559314932656145
-0.8277230302290914
2.7309377079023065
-2.1197809942770847
-0.4912052989879574
-0.7914753273969528
-0.240118778865956
-1.6278137491299296
-1.894334784785436
-2.547095947012846
-1.385802912076237
1.9587055393069157
-2.3193170393394937
2.228185220751291
-1.4464741109740349
-2.357537801110365
-2.389092952049231
-1.4689770178827968
-1.6271350571572527
-2.5778593927665416
-2.2736283003527036
-2.7872617249687086
-0.7171082926124606
0.5078568025419332
-2.2713000714261598
-0.21309123820550058
-1.6456947792760404
-1.8020590634969733
2.129253507284357
-1.6379714137523558
-1.3737309855416062
-2.7694225278332216
-1.0874494550526035
-2.8772305437968027
0.1458576093669275
-2.443398465678904
-1.8724789792457543
3.012757657647736
1.3983784924167137
1.9067666948103072
-1.2375823209863772
-2.6233139508028445
1.8260543885754172
2.4647956543278786
-2.243005655511505
1.6765011503976366
-0.31223090805458975
-2.4147352417768873
-2.2014564237182133
-2.0547772526326225
-2.509201327632387
-2.3745316470287827
-2.618113781623351
-2.245745811135685
-2.4136825947528964
0.7222241728999985
-1.6503616361843538
1.007420643651101
-1.916087658013265
-1.4594313955880467
-1.4434696699155212
-1.3072108302671777
-1.3810829201954893
-2.8788874507575253
-1.6067992195069258
-1.0562907309759866
-1.242186106243658
-1.0707629185470329
-1.149329478034892
-1.0528191267564595
-1.03716736487489
-0.5869257502938834
-1.3646450922529396
-1.4630734013032167
-0.6920297029641245
-0.3322029323708571
-2.87240706004349
0.9108325742685066
3.1191264730511277
-2.3451488293443683
1.9682394212189989
0.334736653224204
1.6921320078150925
-2.076775152632579
-2.5835823599861962
-1.8796084948372431
-2.292644869176958
2.952282691488871
-1.924552263878895
-1.8690572096845033
-1.993108188946871
-1.8416226798948232
-1.8357589884025147
-1.8332247311403487
-1.8278954421570548
-1.8145320650975814
-1.8056228748120917
-1.7738358927722375
-1.7520877515488218
-1.7350752048714329
-1.7391918213564077
-1.7484623113166835
-1.7396217219281676
-1.7364488831656404
-1.7317465463885258
-1.7459023122767094
-1.7355959006338866
-1.7357777780051373
-1.7453167881311993
-1.742986276525003
-1.7544443938486376
-1.7624788269828828
-1.7729138952226906
-1.7762353555050625
-1.7756710574244332
-1.7541521044646453
-1.774212934928948
-1.769509287603424
-1.7702771862333941
-1.7779632514336337
-1.7665173539315981
-1.7736414374697178
-1.7736336683529226
-1.7631229940689908
-1.7630557206101907
-1.7650803935347605
-1.7642574423283408
-1.7442735490160404
-1.7555237902390184
-1.762677183671621
-1.7868046607081292
-1.8134850378233347
-1.8429922864348578
-1.8498781940440958
-1.8697537822490675
-1.8807569183742396
-1.876769647832604
