2.1082055421645007
2.106901827733945
2.105282699932032
2.1036124065393933
2.1024846674363564
2.101840583974332
2.100643648343918
2.099154818249704
2.098074528542198
2.096848599851028
2.094883102967585
2.092790890140189
2.0912324707191408
2.089215065204132
2.087575051715077
2.086553535766643
2.0794008742577246
2.0777477932608184
2.07617816712085
2.0745925345687537
2.0645971873302065
2.0625562189326585
2.0610679191979093
2.0424601289221647
2.0409173933033165
2.0390549163891434
2.036577408879391
2.0330071820028968
2.03090050368296
2.0286261283113403
2.026325913444629
2.0067734316918537
2.003445823848778
1.9921866559211727
1.989164006981297
1.9867491930714776
1.982700091182667
1.9799434482606442
1.9767594509676725
1.9739859571523217
1.9636410846723846
1.951039834440901
1.9447570391423552
1.9339680820958831
1.9249664986954782
1.9347325459256863
1.91150642299458
1.897182585646962
1.873042653651697
1.930693168904507
1.8622416075527353
1.6913918618468236
1.8830436496540903
1.8083983432836268
1.7953448282267628
1.941367387395771
1.783301648696706
1.8502821372720417
1.8478626679873313
1.76923963765402
1.8011157064952057
1.8489501769874002
1.7044790005192594
1.782200886572265
1.6916891076450353
1.7918714551089634
1.7946757150811434
1.85526761264176
1.7950253868495798
1.726749553541203
1.7778798502185387
1.7243706706590087
1.731898610574194
1.6707416085338442
1.637373368318726
1.6411080620355483
1.7426802465706563
2.476125151465694
1.809935110326566
1.7222498286670662
1.668821667823873
1.6828459867674246
1.6739916130307426
1.6854693696799776
1.7261015099688555
1.7862269734088185
1.7239092418263047
1.6857939470423444
1.738213040264955
1.6923742164625954
1.6875690876714193
1.6835248018714237
1.7230514708936253
1.696095332104682
1.7217263482695797
1.7275772156037759
2.067796516439741
1.7335586265606642
1.7476746858708614
1.7166955255520149
0.8974891340822237
1.6952822174904147
1.7482217448869433
2.5449172661868635
1.779237259354331
1.806586081616401
1.707812691097348
1.633703806057368
1.74169031426307
1.7211691411067447
1.7299086152526923
-0.46911008368487916
1.656821250268112
0.894656997017413
1.6842060138015027
1.757661941867549
1.8475359888836662
1.7077264312514044
1.6943662348383155
1.7150321854894406
1.2102056586875696
2.071446590302666
1.8006216257796082
1.5330101839257066
1.7444579497626291
1.814162770134053
1.7474407858660355
-1.8180596185867273
1.79953732060235
1.7956077366513048
-2.397891805036026
2.0232409357991044
1.7754390130799775
1.7967579846264803
1.7604797608366907
1.629881059793898
1.7054544496479052
1.7849757681056984
1.676078530635059
2.195676488361719
1.895351874684585
1.7235956303513182
2.3052797262565106
1.3926198255029751
1.7547498759789049
1.6259011699114216
1.7482120406361572
1.7099786187969839
1.7734867869512057
1.918723006256342
1.7526690787522439
1.738998593392913
1.7440040193996422
1.671376110154287
1.7668759467379394
1.7439083408704326
1.7472221145287028
1.7723505759612541
1.7727592305190063
1.768848708004838
1.7977101495099417
1.8011004253525682
1.8037110893952635
1.7938144055955503
1.7953860201006604
1.794289955161939
1.8019546136746447
1.801372398000452
1.7926727389180384
1.819180391508584
1.7974839175564794
1.811200334272125
1.8323540229250375
1.830135587977849
1.8520151097119486
1.8328537430710652
1.8138171753209518
1.8446740924834755
1.9428194977260267
1.859607206893961
1.8744961986526212
1.8744052811734297
1.8818520896664515
1.8802068741192377
1.8564159436891883
1.9023422320700254
1.9072175735406445
1.9206019259340428
1.9637540158405278
1.9142432165818333
1.9006283202805667
1.9197135474748839
1.9427806382766581
1.9583480690817288
1.9624517767987504
1.9664046625170206
1.9659406226279286
1.9754523580878454
1.976289303594469
1.981329795086725
1.9838572070061984
1.9945608863208504
2.008224456818641
2.0099256658734275
2.0163145933169657
2.0185045987521013
2.0210930019801614
2.0232833462894986
2.048380489907383
2.050336282319921
2.0521110149124224
2.0767874387466376
2.0842931498144486
2.085494983580051
2.086462119004106
2.087858219222251
2.090828283553093
2.092840196197524
2.0932597518448786
2.0959993716563217
2.1059833881691103
2.105856741505046
2.1075834897301595
2.1177878205399123
2.1220311241251464
2.122550364468295
2.1242641000320424
2.125268237839438
2.1267802061861785
2.1265056121923562
2.1275554778995724
2.128480268303071
2.1280863523911036
2.1285452032292467
2.128867687646159
2.129144718812955
2.129741360616861
2.1303710796030755
2.1305906019782865
2.1302132791187445
2.130444486017164
2.129682771423247
2.1289713925835008
2.1275061952992145
2.125781780258701
2.124074076345866
2.123591411071838
2.1108240580247744
2.1106830889663852
2.1099613717004386
