0.511181
0.915596
0.648629
0.565328
0.496092
0.689648
0.624299
0.230227
0.920992
0.32601
0.246075
0.899762
0.542079
0.645148
0.727411
0.277052
0.78502
0.963682
0.7202
0.918491
0.629417
0.811036
0.308324
0.361452
0.894339
0.944408
0.866932
0.182056
0.192925
0.847151
0.907189
0.616283
0.190923
0.457884
0.87131
0.709179
0.93013
0.191368
0.192346
0.489558
0.399252
0.737714
0.911531
0.550472
0.964753
0.817404
0.869288
0.630127
0.968404
0.965704
0.335806
0.944803
0.322115
0.887422
0.379443
0.664481
0.922366
0.920541
0.227054
0.680913
0.926137
0.779991
0.428587
0.829677
0.96597
0.927909
0.51441
0.632065
0.836901
0.759923
0.83765
0.72076
0.366596
0.901386
0.650905
0.911678
0.835972
0.785897
0.962542
0.925656
0.347645
0.50705
0.841614
0.298292
0.197122
0.820189
0.198828
0.354842
0.913387
0.737601
0.704035
0.722574
0.877122
0.960545
0.713172
0.743963
0.721728
0.962364
0.288693
0.296855
