1.588289134443986704e-04
1.971138498100696802e-04
1.082621000787601512e-03
1.010153750442172125e-03
2.290815536747954108e-03
9.709328354614026220e-04
2.058136944010828615e-03
4.599325353089435756e-03
4.687164226947025149e-03
2.971490767710142662e-03
1.039497903280765627e-02
1.247269792638735185e-02
2.395461056483610962e-03
1.459167445534954692e-02
3.692112780510584981e-03
2.827099081303580466e-02
7.897780273211973956e-03
3.521701755038731535e-02
2.050803613164470240e-02
2.390398776725225546e-03
7.585488319417647840e-02
4.164421421024688125e-02
5.223888955667611161e-02
2.460159013303987036e-02
1.129372447848717570e-01
7.256894110529622799e-02
1.852338285336629364e-01
2.024591464722714507e-01
1.768747603640027088e-01
2.193546741909275233e-01
2.312703139579325717e-01
3.626775834147585309e-01
2.231518269496868614e-02
3.092673693102895860e-01
8.540778488376504773e-02
1.413985412076982362e-01
2.810051136863224719e-01
3.536307844829564284e-01
3.289247147692006545e-01
4.888610141685186261e-01
3.625853114560629309e-01
4.145960086546545131e-01
7.108009894809518003e-02
7.247937287725181310e-01
6.528157919651131902e-01
5.929821324024702189e-01
2.774391360124373596e-01
7.296957394065704816e-02
7.444999906546258261e-02
3.639271102883678832e-01
9.976077997454180224e-01
5.849919804791074984e-01
4.309820746604822728e-02
6.036409889464882106e-01
4.797637300350625633e-01
7.964773759406352793e-01
1.278831213510336906e-01
2.980903291597859495e-01
4.110347895372906679e-01
1.497919932446397651e-01
4.402291412867131437e-01
4.264289676910505977e-01
2.989354655126514326e-01
2.194698184911997585e-01
4.909600357856483410e-01
3.655070738262239383e-01
4.362134047247048230e-01
3.714466688371380054e-01
2.173900081915976223e-01
2.456196042278545044e-01
1.247696728796644644e-01
2.877513678496810834e-01
1.912111206368111160e-01
2.086204969371020790e-01
1.845374592854165385e-01
9.194930791381462909e-02
8.583638445162962427e-02
8.053018650895493735e-02
3.523792089986365478e-02
6.278375498949255451e-02
3.406068001399326778e-02
1.668476243192750300e-02
1.965508543508880102e-02
9.101998833140636375e-03
7.502355499017839685e-03
1.525526624161704231e-02
2.191985265620548587e-02
8.611641525199180761e-03
1.048690158776634761e-03
1.024045051771870114e-02
1.010037706458996425e-03
1.647689147726609515e-03
6.556068236896260386e-03
5.100723196178044878e-03
2.845206415833506815e-03
2.755089746563612208e-03
8.341025932430550264e-04
2.557416818804031378e-04
7.042962623987773828e-04
9.656312246067128924e-04
