0.879876
0.879449
0.878616
0.877417
0.875932
0.874223
0.872338
0.870315
0.868191
0.869446
0.870388
0.867816
0.869009
0.869256
0.872939
0.876116
0.875836
0.877859
0.879232
0.879957
0.517112
0.511696
0.507238
0.498305
0.489588
0.48101
0.472502
0.46399
0.455388
0.446581
0.437393
0.427495
0.415925
0.399528
0.377949
0.358994
0.343624
0.330566
0.318997
0.308433
0.298517
0.288666
0.276051
0.288616
0.521571
0.293971
0.526455
0.527762
0.243389
0.527975
0.527968
0.527885
0.305771
0.52675
0.521072
0.275079
0.288364
0.298249
0.308095
0.318542
0.329918
0.342628
0.357294
0.374706
0.394211
0.410849
0.423315
0.433959
0.443714
0.45294
0.46186
0.470619
0.479327
0.488069
0.496925
0.50598
0.879077
0.879809
0.530496
0.537768
0.880583
0.881631
0.879116
0.875973
0.872277
0.872399
0.868022
0.863453
0.865434
0.867581
0.869705
0.871734
0.873631
0.875362
0.876885
0.878144
0.879079
0.879655
0.879942
0.880014
