-1.68391
-1.68185
-1.68098
-1.67694
-1.67687
-1.67699
-1.67393
-1.67525
-1.67813
-1.67952
-1.67692
-1.67514
-1.66896
-1.66338
-1.65555
-1.64534
-1.63214
-1.61513
-1.5943
-1.56945
-1.53677
-1.48137
-1.44234
-1.42211
-1.2345
-1.38514
-2.03287
-1.87269
-1.78112
-1.59568
-1.74356
-1.68003
-1.62587
-1.62336
-1.51954
-1.5216
-1.36746
-1.78547
-1.41798
1.27747
-0.915779
-0.840442
1.81921
0.875119
-1.81281
-1.72223
-1.77363
0.236731
1.48959
-1.47451
-1.15954
-1.14303
-1.24921
-1.2063
-1.24231
1.40179
-1.39164
-1.40974
-1.54577
-1.36516
-1.35408
-1.81459
-1.28274
-1.06595
-1.4423
-0.946426
-1.56084
1.90263
-1.74033
-1.25014
-1.54604
-1.24283
-1.51474
-1.4854
-1.17026
-1.24916
-0.926574
-1.37791
-1.93515
-1.83847
-1.05728
-0.275009
-1.26742
-1.70703
1.91736
-2.06909
-0.89184
-1.42573
-1.43868
-1.33878
-1.73303
-1.64652
-1.15661
-1.56593
-1.46727
-1.45592
-1.21711
-1.37321
-1.58623
-1.45472
-1.57135
-1.84189
0.632672
-1.74006
-1.06145
-1.40201
-1.18858
-1.48666
-1.92382
-1.54194
-1.5245
1.80054
-1.80492
-1.55964
-1.13433
1.92344
-1.56438
-1.95255
-1.58474
-1.56997
-1.01605
1.78761
-1.8269
1.61622
-1.52374
1.89408
-1.70444
-1.66554
-1.30073
-1.54755
-1.96015
-1.68563
-1.53201
-1.65177
-1.48592
-1.52794
-1.41649
-1.82401
-1.86976
-1.9317
-1.6853
-1.62764
-1.75467
-1.55337
-1.70696
-1.83309
-1.66815
-1.79343
-1.86261
-1.53091
0.837559
-1.93214
-2.03427
-1.82121
1.09949
-1.53941
-1.36004
1.72548
1.38627
1.03661
-0.332405
-2.07338
0.00397464
-1.87059
-0.949931
-1.04044
-1.47427
1.61498
-1.49363
-1.4635
1.8534
-1.46783
-1.40406
-1.41544
-1.67998
-1.68701
-1.65321
-1.83846
-1.45371
-0.848708
-1.64017
-1.76658
1.78768
-1.76983
-0.766913
-0.849816
-2.05893
-1.29937
1.89945
-0.818065
-1.08484
-1.25176
-1.22108
-1.34416
-1.40355
-1.55439
-1.52757
-1.58345
-1.05252
-1.69741
-1.70084
-2.07619
1.41458
1.58673
-0.796017
-1.11795
-1.28777
-1.36274
-1.39886
-1.44675
-1.46417
-1.48344
-1.49591
-1.51436
-1.53898
-1.55351
-1.56432
-1.57575
-1.58926
-1.59391
-1.59636
-1.5936
-1.58988
-1.5931
-1.60116
-1.60018
-1.60201
-1.6115
-1.62234
-1.62973
-1.63432
-1.64044
-1.64077
-1.64611
-1.64047
-1.63981
-1.64439
-1.64431
-1.63887
-1.63717
-1.63501
-1.63149
-1.62409
-1.62427
-1.63202
-1.63723
-1.63874
-1.63954
-1.64205
-1.64116
-1.63808
-1.64259
-1.64438
-1.64856
-1.65234
-1.65145
-1.65426
-1.65779
-1.66117
-1.66427
-1.66556
-1.66559
-1.66258
-1.66578
-1.66964
-1.67518
-1.67698
-1.68197
-1.68518
-1.68635
-1.68736
-1.68719
-1.68661
-1.6875
-1.68488
-1.6829
-1.68198
-1.6808
-1.68
-1.67653
-1.6722
-1.67029
-1.67024
-1.67291
-1.67219
-1.67303
-1.67231
-1.67231
-1.67624
-1.67787
-1.68221
-1.68284
-1.68616
-1.68695
-1.68934
-1.69078
-1.68951
-1.68733
-1.68636
-1.68462
