1.12583
1.12649
1.13364
1.13409
1.13444
1.13467
1.13479
1.1348
1.13468
1.13446
1.13412
1.12699
1.12643
1.12577
1.11856
1.11123
1.10373
1.10265
1.09488
1.08684
1.0785
1.06989
1.06107
1.05212
1.04312
1.03417
1.02535
1.01675
1.00841
1.00039
0.99272
0.985416
-0.204416
-0.223919
0.966137
-0.261709
-0.279961
-0.297847
-0.315297
-0.332244
-0.348617
-0.364344
-0.379351
-0.393567
-0.406788
-0.419039
-0.420672
-0.432142
-0.442381
-0.443725
-0.44492
-0.445869
-0.455587
-0.456311
-0.456837
-0.457181
-0.457354
-0.45736
-0.4572
-0.456868
-0.456356
-0.455648
-0.45472
-0.453542
-0.452076
-0.442847
-0.432431
-0.430621
-0.419391
-0.407139
-0.393807
-0.379611
-0.36462
-0.348909
-0.332549
-0.315616
-0.298178
-0.280313
0.960907
-0.243178
-0.223978
0.978776
0.985553
0.992694
-0.141541
1.00822
1.01657
1.02519
1.03404
1.04302
1.05206
1.06106
1.06993
1.07858
1.08697
1.09507
1.10288
1.11045
1.11782
1.12506
