-0.4497252037025601
-0.44972520407511185
-0.44972520447347053
-0.4497252048912146
-0.44972520533851545
-0.4497252058071486
-0.449725206301816
-0.44972520681482964
-0.44972520735356314
-0.4497252079098737
-0.4497252084882608
-0.4497252090877901
-0.4497252097128457
-0.44972521035431834
-0.44972521102088026
-0.44972521170866964
-0.4497252124151694
-0.4497252131412357
-0.44972521388177755
-0.4497252146515103
-0.4497252154355338
-0.4497252162439964
-0.44972521705328505
-0.4497252178925657
-0.4497252187385006
-0.4497252195970707
-0.44972522047394614
-0.4497252213109495
-0.44972522222481226
-0.449725223127738
-0.4497252240638354
-0.4497252250168722
-0.4497252261412048
-0.4497252274021002
-0.4497252285491222
-0.44972522973670026
-0.44972523091034633
-0.4497252320857741
-0.4497252332814612
-0.44972523447101453
-0.4497252300661718
-0.4497252312504778
-0.44972523250016616
-0.4497252337532047
-0.4497252349976155
-0.4497252361672559
-0.44972523749373794
-0.44972523876960624
-0.44972524005676506
-0.4497252413735944
-0.4497252425534186
-0.4497252439088055
-0.44972524524232194
-0.44972524645192147
-0.4497252477435105
-0.44972524909158773
-0.4497252503309235
-0.44972525177025213
-0.4497252529536717
-0.4497252540224186
-0.44972525558550247
-0.44972525672729136
-0.449725257845071
-0.4497252593091834
-0.4497252603622717
-0.44972526179304184
-0.4497252630294608
-0.4497252642133849
-0.44972526548043
-0.4497252669566305
-0.44972526790003586
-0.44972526942740076
-0.44972527045874466
-0.44972527113313143
-0.4497252723349896
-0.4497252734683639
-0.44972527491043524
-0.4497252757905916
-0.4497252769454776
-0.4497252785251775
-0.4497252787828647
-0.44972527969934406
-0.4497252807507146
-0.4497252816700752
-0.4497252836367225
-0.4497252839992698
-0.44972528582194515
-0.449725285501263
-0.4497252869461925
-0.4497252871516033
-0.44972528804985545
-0.4497252889024037
-0.4497252914702856
-0.4497252900967035
-0.44972529227484737
-0.44972529274145545
-0.44972529267747996
-0.4497252939145544
-0.4497252942455767
-0.44972529525808236
-0.44972529489243707
-0.4497252971041381
-0.44972529646319837
-0.4497252961781464
-0.44972529719286003
-0.4497252975056143
-0.4497252988277993
-0.4497253080834107
-0.4497252989066731
-0.4497252993694887
-0.44972529955308405
-0.44972529800204564
-0.44972530099700814
-0.4497252904805711
-0.4497253007163491
-0.4497253002017989
-0.4497252997206034
-0.44972530075977213
-0.449725300913713
-0.44972530072219685
-0.4497255252603378
-0.4497252983747555
-0.4497252991435503
-0.449725301578463
-0.4497252985255451
-0.44972529748726275
-0.44972529736860745
-0.44972529120598725
-0.449725295761207
-0.4497252951325277
-0.44972529275417417
-0.4497252929080884
-0.44972529314535814
-0.4497252922494046
-0.4497252917002368
-0.44972529565417796
-0.44972529124479665
-0.44972528901509046
-0.44972530246176357
-0.4497252868145005
-0.44972528598428463
-0.4497252860849916
-0.4497252839950492
-0.44972528282934876
-0.4497252824309954
-0.4497252806513896
-0.44972528040578164
-0.4497252782729917
-0.44972527789638805
-0.44972527656076133
-0.44972527638260695
-0.44972527383499505
-0.4497252724083691
-0.44972527182921107
-0.44972527091659886
-0.4497252690087774
-0.44972526767298904
-0.4497252671557104
-0.4497252654305144
-0.4497252642743228
-0.44972526389460343
-0.4497252623619574
-0.44972526098604293
-0.44972525879227065
-0.4497252574840833
-0.4497252562724925
-0.44972525486196213
-0.44972525363093085
-0.44972525244600847
-0.4497252515417256
-0.4497252497861983
-0.44972524826801896
-0.449725247379384
-0.44972524612852505
-0.4497252446087079
-0.4497252435429897
-0.44972524176097695
-0.4497252403242826
-0.44972523925004504
-0.44972523824048105
-0.4497252366831028
-0.44972523558751876
-0.44972523413948773
-0.44972523294036515
-0.44972523143599163
-0.44972523005618337
-0.4497252288240987
-0.4497252277856494
-0.4497252265183733
-0.44972522523487735
-0.44972522407230153
-0.4497252228561064
-0.4497252216801013
-0.44972522063224973
-0.4497252192454142
-0.4497252181141609
-0.44972521707871893
-0.44972521592770365
-0.4497252149449378
-0.44972521387527964
-0.4497252128783278
-0.4497252174901267
-0.44972521649788044
-0.4497252156172924
-0.44972521460908554
-0.44972521369200935
-0.4497252127925937
-0.44972521189280323
-0.44972521097188656
-0.4497252101206137
-0.44972520944628736
-0.44972520885206224
-0.44972520824904594
-0.4497252076659177
-0.4497252071066016
-0.4497252065657791
-0.4497252060449761
-0.44972520553999873
-0.4497252050734475
-0.4497252047579594
-0.4497252043261466
-0.4497252039287827
-0.44972520355909973
-0.44972520320591025
-0.44972520288164164
-0.4497252025824747
-0.4497252023138594
-0.4497252020665532
-0.4497252018585578
-0.44972520166960495
-0.4497252015086901
-0.44972520137085725
-0.44972520125973725
-0.449725201181002
-0.449725201125601
-0.4497252010892905
-0.4497252010874644
-0.44972520111073644
-0.44972520115471903
-0.44972520123177917
-0.44972520132992644
-0.449725201452289
-0.4497252015990143
-0.4497252017690685
-0.4497252019703759
-0.4497252021964706
-0.44972520244878256
-0.44972520272578054
-0.44972520302798324
-0.44972520335769817
