-2.05278
-1.99546
-2.02172
-2.04732
-2.01446
-2.00875
-2.02649
-0.548531
-0.937614
-1.42021
-1.17953
-2.02202
-1.96215
-1.94682
-1.3006
-2.05627
-2.01108
-1.15621
-1.49413
0.186815
-1.96581
-1.97508
-1.32817
-1.70539
-1.57234
-1.8498
-1.89246
-1.92057
-1.88682
-1.81114
-1.45038
-2.06242
-1.7291
-1.99736
-1.7372
-1.80222
-1.73132
-1.68291
-1.64827
-1.6649
-1.02485
-1.64174
-0.528438
0.0279275
-1.76539
-1.72904
-1.85707
-0.823223
-0.639942
2.00862
-1.65212
-1.67152
-1.6454
-1.68192
0.451465
-1.71152
2.00726
1.80226
2.00305
1.9766
1.98934
-1.72798
1.97802
-1.68169
1.9215
-1.6988
-1.43285
-1.46738
-1.52938
1.95309
-1.48942
1.94846
-1.36665
-1.40211
1.82839
1.89804
1.49501
1.26588
-1.43613
-1.25379
1.85674
-1.74952
1.94217
-1.24193
1.74599
1.46719
1.75099
-1.25724
-1.28262
1.8715
-1.737
-1.80921
1.63812
-0.406455
1.88985
1.99453
1.58055
1.84581
-0.0438082
1.78089
1.78341
-1.30611
1.44072
1.83723
1.37556
1.48219
1.33421
1.5761
-1.84186
1.93083
-1.20023
0.845365
-1.93753
-1.63269
0.791467
0.770883
1.28762
0.0127636
1.27592
1.30385
0.241288
-0.153567
-1.78293
-0.3059
0.839725
-0.176457
-1.6836
-1.81072
-0.066309
0.632586
-0.236561
-1.81956
0.911071
-1.72364
1.65769
1.81583
1.44486
-0.553693
-0.896224
-1.93583
-2.07503
-1.53645
-2.10754
-1.42971
-2.10369
-2.06994
-1.46761
-2.09691
-2.09762
-1.28148
1.21615
-2.07882
-2.06404
-2.04259
-2.09114
-1.40372
-1.33859
-2.05312
-2.02718
-2.01389
-1.50987
-1.96698
-1.99423
-1.82765
-1.9897
-1.99986
-1.08885
-1.97832
0.976793
1.92077
-1.96836
-0.908571
-2.03534
-1.91863
-1.20267
-1.15695
0.26258
-1.66758
-1.8664
-1.83635
-1.85585
2.00124
-1.78969
-1.94023
-0.777012
-1.25619
-1.79272
-1.66372
-1.76428
-1.75566
-1.76558
-1.74485
-1.76875
-1.74628
-1.72183
-1.80643
-1.71101
-1.42832
1.66594
-1.33349
-0.588549
0.688663
1.52541
-1.5674
-1.69204
-1.42542
-0.198651
-1.42351
-1.49226
-1.39995
-1.33314
1.29568
-1.51701
-1.38676
-1.4573
2.0055
-1.27117
-1.97167
-0.738239
-1.65072
-1.29849
1.94386
-1.29765
-1.38564
1.95431
-1.55514
1.9122
1.80566
1.83488
1.84745
0.514122
-1.15424
-2.06326
1.75522
1.76947
1.72851
1.69782
-1.71555
1.6795
1.6518
-2.06066
-1.97816
1.60664
1.94432
-0.402791
1.51775
-1.66189
1.58116
1.4561
1.46248
0.868912
1.42389
1.4367
1.97395
-1.65693
1.86532
-1.77507
1.8208
1.28154
1.2483
-1.48235
-1.47763
1.1844
1.99158
1.04963
-1.2557
-0.795863
0.894522
0.762654
-0.895232
0.703621
0.689202
-1.16608
-1.40694
1.84902
0.439849
1.89355
-1.4834
-0.316732
-0.948923
-0.0609571
1.66263
-1.35821
1.09413
1.41498
-0.803035
-1.31684
1.64557
1.38003
-1.93191
-2.04415
-1.35368
0.0539868
-1.67869
-1.76723
-2.10691
-0.0138335
-2.03846
-2.07998
-2.0627
