0.488794
0.326554
-0.579014
0.407828
0.215524
-0.291801
-0.282695
0.359463
0.0612757
0.387987
0.360019
0.506816
0.613133
1.10909
-0.732671
1.18466
0.548804
1.18145
1.00814
0.724318
1.08512
0.671717
0.721156
0.663786
0.670451
0.890164
1.10543
1.16642
0.621603
0.98604
0.480055
0.618979
1.16171
0.676692
-0.0532232
1.08564
0.376336
1.12419
1.18477
0.145625
-0.0282286
-0.612613
1.10895
-0.327337
-0.273037
0.932525
0.0078258
-0.765273
-0.323083
-0.781556
-0.543959
1.1544
0.125068
-0.61672
-0.289225
0.171157
-0.164786
-0.394159
-0.754833
0.142084
-0.802953
0.363266
0.613735
0.561683
-0.622082
0.884171
0.644958
1.07124
0.729967
0.943434
1.14215
0.950736
1.13555
0.728019
1.0702
0.634717
1.04194
0.811892
0.658096
0.653121
0.63416
0.937103
0.997202
0.812472
1.09128
0.379607
0.878397
0.550312
0.589252
1.09988
0.00853285
-0.00634426
-0.52151
-0.357052
-0.0500102
-0.230565
-0.787643
0.485136
0.403811
-0.744408
