0.188579
0.419723
-0.0608064
0.0772196
0.271259
-0.307439
-0.266866
-0.393642
0.0152421
-0.396526
-0.00936359
0.117264
-0.435629
0.368099
0.0542459
-0.122656
0.43638
-0.426128
-0.0163459
0.162107
0.143445
0.108566
-0.44227
-0.0747143
-0.091291
-0.317305
0.216288
-0.213985
-0.0304315
0.257
0.358511
-0.11313
-0.397444
-0.0261592
-0.168334
0.174207
-0.294864
0.406622
0.195826
-0.344905
0.142105
0.24248
-0.293808
-0.155998
0.0531426
-0.425024
-0.350297
-0.0123647
-0.205816
-0.332239
0.1427
-0.456656
0.469575
-0.498673
-0.207224
-0.257409
0.159537
0.289913
0.450325
0.393303
0.44508
-0.168752
0.295037
0.171195
-0.271178
0.219964
0.0307798
0.345644
-0.375978
0.190304
-0.240312
0.079172
-0.204765
0.3238
0.355427
0.346223
0.257185
-0.0663207
-0.111113
-0.278318
0.0767122
0.0427351
0.405006
-0.422915
0.082882
0.324948
0.498636
-0.39999
0.116539
0.134511
-0.0667579
-0.293182
0.380839
-0.0687613
0.0070752
0.224394
0.420014
-0.216079
-0.332173
-0.140769
0.267294
-0.112048
0.178727
-0.406226
0.124399
-0.311789
-0.413829
0.429172
0.279625
-0.261379
0.222116
0.239291
0.099603
0.448195
0.119379
-0.022973
0.429441
0.273762
0.4911
0.0138307
-0.309542
-0.0610926
0.356017
0.0258402
0.120305
0.117527
0.185278
-0.461287
-0.402573
-0.391413
-0.437471
0.187678
-0.378357
-0.0693111
0.332358
0.469995
0.0342876
0.415622
-0.112098
-0.208509
-0.369593
0.0284424
0.486604
0.329309
-0.284771
0.159735
-0.425188
-0.285381
0.355406
-0.0159538
-0.261129
0.300763
0.0489887
0.102554
0.124516
0.317789
-0.164965
-0.370216
0.0956201
0.27598
-0.292109
-0.00574166
0.177664
-0.443458
0.452313
0.291672
-0.153253
-0.443809
0.0795277
0.369588
-0.112184
-0.222455
0.358267
-0.354563
0.482706
-0.111241
-0.0238745
0.493542
-0.414932
-0.495297
0.478261
-0.458909
0.427341
-0.270688
0.38737
0.0919042
-0.241945
-0.13921
-0.266635
-0.302746
0.0523909
-0.475969
0.353472
0.450853
-0.28937
-0.493822
0.423826
0.131742
0.180832
0.389838
-0.315977
-0.480549
-0.334301
0.461076
-0.345931
0.473928
0.493274
-0.297257
-0.27055
0.323022
-0.447246
-0.0751879
-0.00552649
-0.410337
0.107706
-0.23445
-0.41483
-0.0361339
0.492792
0.432785
-0.370135
-0.218388
-0.0311977
-0.110914
-0.00884326
0.134866
-0.387997
0.227375
0.148518
-0.0784209
0.494265
-0.497368
-0.258347
0.0402391
-0.207101
0.323967
0.424948
-0.0298091
-0.259503
-0.191212
-0.172119
-0.335769
-0.300555
0.12273
-0.150036
-0.45483
-0.215588
0.486087
0.467969
-0.317471
-0.310932
0.490176
0.476162
0.426529
0.201478
0.294878
